5000
29.2179
28.9236
29.0208
29.0594
29.0605
28.821
28.8941
28.976
28.5452
28.9699
28.6894
29.1913
29.3199
28.9547
28.8315
29.0862
29.0266
28.8273
28.8528
28.7726
28.7348
28.5624
28.8238
29.4102
28.5913
28.9312
29.0968
28.7954
29.0082
28.9653
29.3216
29.0064
28.9758
28.6642
28.8383
29.3147
29.049
28.882
28.6823
28.5046
28.3688
28.6205
29.0293
28.874
29.1446
29.2272
29.0433
28.7641
28.7827
29.1717
28.7949
29.3787
28.8355
29.4024
29.188
29.0542
29.0066
28.8249
29.0113
28.7747
29.0043
28.8015
29.2416
28.4741
28.5946
28.8104
29.3047
29.047
28.7938
28.7367
29.0971
29.0744
28.7903
29.0548
29.1088
28.8225
28.831
29.1267
28.7063
28.6707
29.3478
28.885
28.6648
28.5866
29.3129
28.8323
28.5859
28.5996
28.9744
29.0696
29.1561
28.9167
28.906
28.8529
29.05
29.0323
28.9474
29.0357
28.881
28.9421
29.3535
29.1779
29.024
28.8743
29.1313
28.734
28.688
29.3184
28.9111
28.8934
29.0069
28.513
28.7311
29.0353
29.1354
28.7085
29.319
28.8688
29.003
28.7485
29.1388
28.6481
28.943
29.491
28.9672
29.1741
28.7053
28.3023
29.0356
28.4395
29.2694
28.6821
29.032
29.0778
28.9814
29.0562
28.6971
28.6876
28.7154
29.031
28.9075
29.0584
28.8908
29.0495
29.0406
29.2129
29.2642
29.0291
28.6969
28.8695
29.2368
29.0337
29.1031
29.0749
28.8572
28.8084
28.8528
29.0494
28.8631
28.6046
29.0867
28.6286
28.6773
28.9907
29.0243
29.2508
29.3021
29.5121
28.7744
29.2269
28.9635
28.9645
28.7786
29.0258
28.818
28.95
28.8574
28.8705
29.147
28.6994
28.8691
28.9435
29.0687
28.6468
28.6442
29.3261
28.8944
28.9762
29.247
29.0607
28.5146
29.1459
28.4881
29.1213
28.5
28.8117
29.0005
28.8054
28.676
28.6953
29.0814
28.3414
28.8835
28.9432
29.1821
28.8966
28.9481
28.8686
28.7751
28.5821
28.9899
29.0934
28.6142
28.9525
28.6059
28.724
29.0372
29.4399
28.9795
29.1524
28.4838
28.535
28.9097
28.8977
28.4112
29.017
29.0795
28.7258
28.6965
29.302
28.8026
28.7846
28.3286
28.5587
28.6935
28.647
28.8763
28.9262
28.803
29.0846
29.2832
28.9059
28.4355
29.1794
28.5892
28.7056
28.9974
28.974
28.9417
29.1505
28.6665
28.8495
28.7301
28.6883
28.9175
28.9426
28.9246
28.6918
28.6772
28.8328
29.2367
29.232
28.7824
29.119
28.9075
29.0669
28.8408
28.5767
29.0639
28.7573
29.2163
28.7378
28.502
28.9657
28.4992
29.0273
29.026
28.7185
29.1087
29.0573
28.5155
28.832
28.9692
28.5842
28.984
28.6271
28.9926
28.6446
29.3234
28.5271
29.0249
28.832
28.6123
28.9713
29.0963
28.94
28.7238
29.2351
29.0952
28.947
28.8159
28.8917
28.831
28.7316
29.0091
28.7409
29.0303
29.0219
29.1343
29.3117
29.117
28.8841
29.2371
28.5967
29.0852
28.9937
29.3002
28.7835
29.0293
28.9943
28.8484
29.3122
28.7203
29.0256
28.9539
29.3184
28.7276
29.0287
28.9914
28.7713
28.6219
28.7842
28.7599
28.5813
28.9493
29.1728
28.828
28.9862
28.6224
29.1988
28.9664
28.6352
29.2386
28.9292
29.0317
29.4365
28.6426
29.4289
28.9516
28.9912
29.1533
28.6418
29.108
28.9529
28.913
28.7824
29.079
29.1397
28.8113
28.862
28.7662
28.9271
28.689
29.0126
28.9681
29.3088
28.9582
28.8992
29.273
29.1415
28.7437
29.164
28.7524
28.6881
29.0774
29.0502
29.123
28.8262
28.9966
28.6981
29.1059
29.0869
29.0446
28.8563
28.7655
28.9003
28.935
28.8402
28.7215
28.9734
28.5281
28.905
29.3273
29.0792
28.4186
29.0818
29.0974
29.1062
28.8373
28.8094
28.8222
28.9579
29.113
28.6925
29.1891
29.0532
29.0439
28.6273
29.0651
29.231
28.9933
28.8609
28.8656
28.9801
28.9766
28.5946
28.8309
28.7005
29.0511
28.9042
28.7484
29.3206
29.0571
28.5989
28.6797
28.5687
29.1576
29.2205
29.0075
28.7576
28.9971
28.872
28.7602
28.7891
28.9636
28.5009
28.8419
28.9607
28.8814
28.7596
28.7674
28.7643
29.0321
28.7723
28.9652
28.6213
29.1801
29.0489
28.4562
28.6973
28.8486
29.259
29.2938
29.1894
28.7952
28.9183
28.8017
29.0619
29.3802
28.566
28.9234
28.9178
29.0609
29.1769
28.7736
28.5726
29.084
28.8294
28.9453
29.1771
29.0074
28.9457
28.4898
28.7396
28.729
28.8381
29.0998
29.0933
28.8641
28.567
28.7797
29.1045
28.7333
28.6365
28.8409
28.82
28.9208
28.956
28.9112
28.9566
28.9791
28.4843
28.9451
28.9378
28.9544
28.8243
28.9103
28.9348
29.1967
28.9311
28.7328
28.8501
29.1182
28.9561
28.9053
29.0292
28.9091
28.9348
28.9943
28.8001
29.3437
28.9361
29.1479
28.864
28.7331
29.1518
28.7639
28.7898
28.4373
28.2867
28.8758
28.5586
28.6653
29.0087
28.7518
29.1751
28.6477
28.6852
28.7799
28.718
28.8316
28.855
28.9066
28.5018
28.8876
28.708
28.2894
28.3582
28.68
28.7179
28.7228
28.7823
28.6313
28.3896
28.6946
28.7707
28.8322
29.0181
28.5693
28.6831
28.8725
29.0722
28.9367
29.271
28.8004
29.261
28.422
28.8293
28.941
28.5059
28.956
28.6293
28.3254
28.8507
28.8666
28.9474
28.4353
28.9999
29.1956
28.8043
29.1451
28.6545
28.9385
28.4524
28.6203
29.0994
28.3847
28.8837
28.791
29.1298
28.8267
28.9301
28.7526
28.5539
28.9392
29.2202
28.8631
28.9231
29.0896
28.9662
29.1632
29.1622
28.7751
28.9093
28.713
29.0059
28.9815
29.0114
29.1111
29.3536
28.6122
28.8924
28.6021
29.0801
28.6523
28.9816
29.1488
29.0636
29.2931
28.8357
28.6459
29.1012
28.6062
29.0065
29.068
29.0047
29.2848
29.3318
28.9596
29.1656
28.922
29.0441
28.9682
29.0031
29.1474
29.286
29.403
29.0073
29.1369
28.6401
29.2084
29.1042
29.4135
28.9304
29.0266
28.9177
29.0665
29.0139
29.1875
29.4213
29.3035
28.9686
29.1434
28.9864
29.0937
29.1133
28.7698
29.0993
28.9871
28.7323
29.1274
28.6658
28.9521
28.5989
28.9642
28.5467
28.7118
29.3421
28.9243
29.0109
29.0217
28.9542
29.1075
29.022
28.9896
28.9772
28.9888
29.0123
29.0358
28.8347
28.9961
28.9751
29.1674
29.0056
29.0817
28.9743
28.833
28.9968
29.1797
29.0996
29.0639
28.825
29.0333
29.1244
28.6477
29.2371
28.8644
28.8409
29.0819
29.0328
28.8374
28.796
29.13
28.7018
28.7362
28.9882
29.3291
29.2542
28.9755
28.9533
28.9365
28.9042
28.7112
28.9193
28.7619
29.1468
28.8669
28.4992
29.1038
29.1937
28.7561
29.0517
28.958
29.123
29.0008
28.5717
29.2582
29.0794
28.475
29.0684
29.1827
28.9123
28.8074
29.3375
28.6914
29.0056
29.0651
28.6307
28.5301
29.0711
28.9157
29.4139
28.9273
29.1037
29.2478
28.818
29.1429
29.0667
28.9518
29.0376
28.8041
29.3176
29.3362
29.1133
28.8317
28.6521
29.0724
29.0892
29.0261
29.1635
28.9743
28.8955
28.9765
29.021
28.9643
29.0841
28.7885
28.933
29.0002
28.8022
29.118
28.8655
28.519
29.1767
28.6591
29.1337
28.523
28.6891
28.9563
28.5743
28.3812
28.7658
29.0571
28.6715
29.0237
28.5171
28.8004
28.7254
28.843
28.8611
28.5885
29.1663
29.2524
28.5867
28.5791
28.6781
29.3595
29.0603
28.8115
29.0016
28.9415
28.568
28.5167
28.6042
28.9492
28.5596
29.1526
28.7259
28.4483
28.9562
29.2412
28.8469
28.8111
29.0182
28.8969
29.0838
28.8406
29.1318
28.8753
29.0787
28.9451
29.0959
28.7991
29.0448
28.816
29.1105
29.0362
28.9431
28.8977
28.6583
29.047
28.8751
29.1175
29.2477
28.701
28.9717
28.6368
29.2373
28.8912
29.0623
28.6906
28.9794
29.0008
28.7488
28.8218
28.7159
28.9281
28.6087
28.4491
29.016
28.6208
28.7728
29.0293
28.7216
28.7506
29.0452
29.7332
28.875
28.4988
29.1865
28.6844
29.064
28.8389
29.0354
28.4157
28.3461
29.1177
28.9766
29.0917
28.5177
29.1181
28.9224
28.8999
28.8113
29.205
29.0566
28.9375
28.6769
28.7288
28.6789
28.7577
28.782
28.8531
28.6383
28.3366
28.3918
28.8705
28.5769
29.2059
28.4527
28.5362
28.7695
29.1131
28.703
28.6271
28.7712
29.0845
28.9022
28.5079
28.8985
29.0854
28.4164
28.8141
28.543
28.5102
28.4621
28.7896
28.9112
28.7193
28.9471
28.9031
28.8391
28.7912
29.1675
29.0091
29.0264
29.0052
28.181
28.3461
29.0118
28.8295
28.8253
29.0075
28.9954
28.8456
28.8684
28.556
29.0259
28.5964
28.9828
28.6836
28.713
28.7341
28.5356
29.0515
28.831
28.8714
28.8025
28.5912
29.0546
28.8368
28.8262
28.5369
28.7055
28.7012
28.5681
29.095
28.7844
28.6282
28.614
28.7016
29.1351
28.5683
28.5355
28.4899
29.0457
28.5285
28.9704
29.1176
29.439
29.427
28.6672
29.004
29.1126
29.1344
29.1989
28.5267
29.3168
29.2227
28.5819
28.9443
28.8208
29.0584
29.1128
29.3547
29.3577
28.6458
29.2202
29.0523
28.8895
29.3153
29.0521
28.7285
28.8219
29.2033
29.1756
28.9303
29.1845
29.363
29.6253
28.6176
29.3746
29.1032
28.9926
29.0172
28.7789
28.8699
29.1275
29.4803
29.2424
28.6849
28.6152
29.1854
29.3757
29.0397
28.8756
29.0199
29.0238
29.1119
28.695
28.6071
29.0617
29.1111
29.1126
28.8179
28.7532
29.0909
28.7991
29.1457
28.9471
29.1186
29.2051
29.1864
28.9685
28.7542
28.8812
28.6444
28.8222
29.0133
29.35
29.1763
28.6905
28.7523
29.1532
28.9262
29.1627
29.1492
29.1537
28.8178
28.6266
28.7455
28.6724
28.9249
29.0957
28.9861
28.7461
28.9872
28.7713
29.1223
28.7641
28.8224
29.1023
28.6463
29.1553
28.5884
28.9215
28.7795
28.6119
28.8574
28.7694
29.2291
28.938
28.9239
29.3774
28.8727
28.8724
28.982
28.6948
28.9215
29.0109
28.7852
28.8491
28.7639
29.2452
28.8801
28.5903
28.6784
29.1644
28.859
28.9863
28.7541
28.8183
28.7746
28.8386
28.9572
28.8478
28.876
28.5167
29.008
28.5401
28.5334
29.0277
28.8265
28.9584
29.1141
29.2537
28.5344
29.0535
28.9475
29.1957
29.1812
28.9383
29.1238
29.009
29.1092
28.9078
29.1285
28.687
29.414
28.656
28.9281
28.5227
28.6404
28.5882
28.9151
28.4192
28.8544
29.0618
28.8949
28.8347
29.0104
28.4443
29.1994
29.1872
28.7904
28.8668
28.9827
28.617
29.2354
29.1241
28.9561
28.5315
29.1334
28.8536
28.9858
29.0259
28.8396
28.8828
28.8507
28.6361
28.8839
28.5837
28.9954
28.9059
29.0605
28.6373
28.6199
29.0143
28.6508
29.0243
28.8412
28.8095
28.8526
28.7021
28.7458
28.7161
28.5401
28.7867
28.4415
28.4925
28.8891
28.8075
28.5731
29.041
29.4811
28.6911
29.2723
28.7921
28.8232
28.5108
28.4421
29.0495
29.008
28.677
28.8976
29.2248
28.7365
28.6803
28.8514
29.0409
29.3547
28.9442
28.9691
28.9159
28.5672
29.0153
28.8188
28.715
28.6562
28.5358
28.7642
28.7752
29.3672
28.8139
28.7258
29.0326
28.7223
28.7138
29.0018
29.1391
28.9308
28.9648
28.4353
28.7075
28.6071
28.8601
28.9228
28.8003
28.8319
28.646
29.0619
28.6777
29.0554
28.8314
28.3554
28.6631
28.8467
28.9977
28.7195
28.8583
28.6684
28.5378
29.0602
28.7206
29.0988
28.9734
29.0704
29.0147
28.9831
28.777
29.1008
29.442
28.5034
28.9334
29.1423
28.9815
29.1607
29.2488
29.0547
29.1233
29.0699
28.8701
29.0739
28.8444
28.7424
28.8565
28.6445
28.8638
28.9486
28.8097
29.2435
28.6767
28.8952
28.6893
28.9694
29.0056
29.011
29.2861
29.1029
28.7687
29.1665
28.5992
29.1408
29.2179
29.3621
28.9938
29.0156
29.3147
28.7928
29.1356
28.905
28.6712
29.239
28.9365
29.3728
29.193
28.8733
29.6523
29.1422
29.3323
28.8086
28.9136
29.2523
29.0789
28.7634
29.3094
28.859
28.972
29.2041
29.28
29.1144
29.2563
28.6055
28.9944
28.6937
28.8543
29.0833
29.1212
29.325
28.697
28.9454
29.3696
29.0366
28.9048
29.1346
28.8074
29.2686
28.8366
28.4483
29.0898
28.73
28.9921
28.6179
28.6771
28.5556
28.8631
29.0258
28.7502
28.9525
28.9826
28.6889
29.1582
28.8797
29.2266
28.6159
28.6697
29.3177
29.1191
28.6565
28.3693
28.9149
28.9797
29.1107
28.7715
28.7583
29.1072
29.0556
29.2323
28.6666
28.9732
28.5777
28.8344
29.1622
28.8676
29.2158
28.9508
28.8331
28.8641
28.8443
28.806
28.9071
29.0958
29.0855
29.2659
28.6775
28.7813
29.2145
29.1145
29.1832
29.3536
29.1418
28.5378
28.8199
29.1903
29.027
28.8101
29.2121
28.7276
28.9089
28.7417
28.7692
28.7513
28.674
28.8481
28.9459
29.527
28.5506
28.9107
28.818
28.4573
28.9708
29.1079
28.7668
28.9531
28.7211
28.6518
29.0542
28.1568
28.2975
28.9231
28.9024
29.1673
29.0032
28.912
28.8359
29.1994
29.0557
29.1434
28.9034
28.8432
28.9327
28.9278
28.8055
28.989
28.7513
28.9755
29.0865
28.7207
28.8991
29.1082
28.8534
28.6097
28.5303
28.4759
28.2775
28.71
29.0237
28.7614
29.0912
29.0979
28.7492
28.6286
28.6201
28.7548
28.6076
28.5444
28.9766
29.0411
28.8117
29.3051
29.0049
28.6593
28.6146
28.8377
28.9795
28.5865
28.7059
29.1149
28.485
28.6534
28.9105
28.9256
28.8248
28.8112
28.8864
28.463
28.9171
28.9269
29.0199
28.4892
29.0338
29.2557
28.9432
28.4656
28.9112
29.0949
28.647
28.6543
28.603
29.0251
28.8694
28.9754
28.8993
28.7763
29.1235
29.0615
29.0433
28.9713
28.9764
28.9592
28.7632
28.9733
28.5001
28.6514
28.939
29.0479
28.8101
29.1038
28.8874
29.1573
29.0056
28.8217
28.8197
28.9341
29.4519
28.7748
28.7305
28.5667
28.7397
28.6074
29.1685
28.6799
28.9065
29.168
29.0455
28.9202
28.9154
28.7919
28.7209
28.8415
29.0219
28.4672
29.1991
28.9398
28.6228
28.8596
29.1485
29.0429
28.909
29.2741
28.8376
28.8816
28.8797
28.7306
28.7063
29.3191
29.0633
29.3184
29.162
28.9886
29.0389
29.2174
29.0743
29.2308
29.5057
29.1693
28.9601
29.1376
29.1527
28.7254
29.2677
29.1189
29.0725
28.7941
28.8715
29.3078
28.9284
28.7044
29.2188
28.9313
28.6129
28.6383
28.9723
29.2479
28.8279
29.1928
28.784
29.5652
29.1246
28.5124
29.1913
28.9551
28.4838
29.0956
28.8116
28.9924
29.1337
28.9124
29.0626
29.0204
29.0615
29.1555
29.0388
29.227
28.5651
28.8253
28.6664
29.1465
29.2176
28.8199
29.0921
28.8021
29.1476
28.7958
28.8867
29.1561
29.2606
28.6518
28.5223
28.9995
29.0029
29.1277
28.8111
28.6961
28.857
28.7061
28.7865
28.6804
29.0131
28.8241
28.7202
28.7015
28.9947
29.038
28.8595
28.8981
28.3675
28.5761
28.9019
29.2603
29.3572
29.0942
28.5267
28.5829
28.9575
29.1128
29.2095
28.9418
29.0711
28.7475
28.7297
28.8569
28.7283
29.1449
28.9839
29.0559
28.6412
28.5407
28.7817
28.9323
28.8636
28.6188
28.6704
28.852
28.5829
28.5297
28.7751
28.6614
28.6236
29.0265
28.9481
29.202
28.9102
28.9672
28.6007
29.3403
28.777
28.8477
28.862
28.6912
28.6807
28.8372
28.4159
29.2795
28.7549
28.6894
28.8307
28.6649
29.0794
29.0544
28.6939
29.0088
28.704
28.4307
29.181
28.552
28.8708
28.916
28.7709
28.8208
29.0869
29.1088
28.8184
28.4958
28.8514
29.2172
28.8233
28.6743
29.063
29.0236
28.7741
28.7349
29.0594
28.7324
29.0422
29.1884
29.1326
29.1958
28.7747
28.8672
29.0148
28.7931
28.4863
29.094
28.8954
28.7092
28.8433
29.4154
29.0015
28.5976
28.7576
28.5443
29.1801
29.3272
29.1996
28.7536
29.1478
28.8782
28.2873
28.7493
28.985
28.9014
28.6483
28.8323
29.4734
28.7551
28.9258
28.6221
28.8778
28.8804
28.467
29.0743
28.6334
28.6889
28.6778
28.9898
28.8134
28.7378
28.7497
28.4617
29.0427
29.2892
28.9831
29.067
29.0416
29.0273
29.115
28.5225
28.7731
28.8531
28.7832
29.1138
28.9227
29.1095
28.86
29.0225
29.0569
29.2472
28.6443
28.753
29.1981
29.0012
28.6615
28.6344
28.916
28.7604
28.9592
28.8144
28.69
29.1156
28.8362
29.1057
29.4674
29.0987
29.3085
29.1455
28.9468
28.6236
28.935
28.8755
28.7586
28.7127
28.6384
28.7607
29.1719
28.9913
28.839
29.1396
29.0353
29.0993
29.1303
28.9808
29.0496
29.1975
29.319
28.4505
28.9155
28.5385
28.8594
29.1356
29.0608
29.2762
29.0372
29.0726
28.96
29.2998
28.9918
28.5966
29.1842
28.6425
29.1484
29.017
28.5434
28.5986
28.9415
28.7227
29.0807
28.5591
28.8133
28.7662
28.8094
28.7557
28.7606
28.8377
28.5012
28.9683
28.7621
29.0998
29.2928
28.4965
29.2856
29.2266
29.1075
29.313
29.0376
28.7346
28.8662
28.6141
28.6875
28.7973
29.2569
29.1011
28.5212
29.0903
28.7731
28.4462
28.7642
28.8704
28.9087
28.9209
28.6312
28.8408
28.9912
28.9118
28.7825
28.4307
28.4468
28.7978
29.2202
29.0117
29.0708
29.0109
28.5511
28.7347
28.914
28.5977
29.4273
28.6504
28.4504
28.8156
28.8519
29.1151
28.4191
28.8593
29.0849
28.9836
28.8008
28.5861
28.6375
29.283
29.1999
29.1889
28.7528
28.8672
28.9647
28.8283
28.7659
28.9968
28.9722
28.9563
29.1032
28.7696
28.8864
29.1466
28.8255
28.5748
28.631
28.7644
28.9627
28.4988
29.1107
28.79
29.2427
29.0436
28.834
28.9366
28.8895
28.6135
29.3413
28.857
29.372
29.0881
29.2704
29.0794
29.2736
28.9302
28.6923
28.8092
29.1392
29.1476
28.9343
28.6778
29.1481
28.9631
28.8545
29.04
28.7688
28.9744
29.2983
28.8238
29.2793
29.033
29.292
28.9864
28.722
28.875
29.0007
28.693
29.1154
29.2121
28.9022
29.3729
29.1302
29.1243
29.1728
28.9514
28.7806
28.8042
29.0681
29.0233
29.2253
28.8882
28.902
29.2715
28.7942
29.0177
29.1387
28.601
28.8367
28.6893
28.6993
28.8246
29.0078
28.7776
29.1681
28.9928
29.175
28.8593
29.0273
29.0772
29.1531
28.8543
28.7283
28.8714
28.6294
28.6706
28.9084
29.3542
28.9665
28.4601
28.6864
28.9252
28.858
28.9032
29.0136
28.6986
28.9302
29.2678
28.9398
28.8617
28.5697
28.9207
28.7309
28.7738
28.9007
28.6524
28.9691
28.7938
28.7372
29.2193
28.7068
28.9882
28.8003
28.6011
29.116
28.5139
28.9697
29.1145
28.8202
28.749
28.8774
28.8163
28.9274
28.5001
29.0545
29.0263
28.7008
28.7256
28.6882
29.3944
28.9474
29.4267
29.3848
28.8524
28.6672
28.5574
28.7991
28.766
28.861
28.8778
28.6259
28.7459
28.8302
28.8524
28.8002
28.7112
28.7892
28.6017
28.8368
28.7944
28.5086
28.6696
28.9443
28.4797
28.4583
28.943
29.0787
29.0663
28.1085
28.7204
28.8858
28.5526
28.9034
28.7915
28.9629
28.6515
29.1391
28.8365
29.1527
29.3111
28.5342
28.9295
28.6672
28.9081
29.0659
29.5167
28.9547
29.1026
28.6525
28.7439
28.5969
29.0475
28.8974
28.9804
28.7686
29.1498
29.2011
28.7835
29.055
29.0206
28.6514
28.7812
29.163
29.1095
29.3376
28.7936
28.6425
28.9617
29.0195
29.0817
29.4377
29.0098
28.867
28.7317
29.0285
28.7499
28.9094
28.8933
29.1581
28.8774
28.9348
29.1289
28.952
28.9129
28.9609
28.8615
29.1605
28.7889
29.149
28.9158
29.3715
29.0797
28.9396
29.224
29.1782
29.0752
29.0835
28.63
29.1157
28.7522
28.7837
29.0565
28.8252
29.3013
28.5711
28.9522
28.9248
28.7485
29.112
28.8241
28.7561
28.682
28.7651
28.7652
29.0837
28.2779
29.1063
28.9962
28.8222
28.7909
28.9903
28.9941
28.8366
28.8874
28.8837
28.8785
28.5992
28.8075
28.7041
28.6543
28.9068
28.842
28.9608
29.048
29.2436
28.7706
28.9444
28.6473
29.0353
29.2152
28.8867
28.6836
29.0761
28.913
28.8009
28.5035
28.711
28.497
28.9398
28.7775
28.9754
28.7294
28.9997
29.1548
28.9914
28.7568
28.8942
29.009
28.6872
29.0787
29.1024
28.9582
29.145
28.9406
28.9765
28.8362
29.0625
28.9954
28.9263
28.9643
29.0624
28.9162
28.6939
29.0961
28.856
28.8934
29.0344
28.9504
28.876
29.1199
28.9703
29.2043
28.5197
28.5159
29.0015
28.9394
28.4562
28.8653
29.1325
28.7579
29.0076
28.9808
28.9188
28.6002
28.7602
29.0534
28.9667
28.9684
28.7118
28.6989
28.9094
28.9429
28.9133
29.3378
29.279
28.6082
29.0666
29.0336
28.9079
28.6156
28.7464
29.0018
28.785
28.9636
28.9941
28.7542
28.9847
28.576
29.4758
28.8041
28.9715
29.0602
28.5243
28.9035
28.6464
28.7607
29.0707
28.7507
28.9204
29.0702
28.626
29.2059
28.6878
28.9054
29.2852
28.9964
28.8021
29.2864
28.875
28.893
28.8785
28.7916
28.7165
28.7438
28.8509
28.8074
28.4111
29.0312
28.7922
29.2135
29.1269
29.295
28.7878
28.6082
28.3628
28.7379
28.4489
28.8032
28.7425
29.152
28.6506
28.8613
29.0701
29.0468
28.5389
29.1762
28.721
29.1875
29.1385
28.8108
28.6478
28.9603
29.0143
28.7307
29.0317
29.2175
28.9042
28.9115
28.5455
28.9868
29.172
28.9053
29.0493
28.6535
29.1052
28.9342
28.9131
29.0598
28.8915
28.7931
28.6185
29.2095
29.1907
28.9667
29.231
28.7338
28.9542
29.0621
28.569
29.0183
29.0102
28.6833
28.9398
29.0825
29.1315
28.9892
29.2817
29.0321
28.9406
28.6276
28.6917
28.555
28.4344
29.4958
29.0514
28.7251
29.0061
29.0197
29.1384
29.0097
28.9988
28.8658
28.9726
29.2056
29.0844
28.8623
28.9929
28.6879
28.3164
28.616
28.8366
29.1826
28.8673
28.6169
28.8168
29.1714
29.2255
29.0321
28.9142
28.9495
28.8053
28.7008
28.9999
28.3439
28.4664
28.4808
28.4194
28.9201
29.0814
28.9474
28.5535
28.8616
28.4601
28.8539
28.6951
28.6578
28.6198
29.1445
28.6394
28.6528
28.7065
28.4807
28.7923
29.1073
28.6501
28.6608
28.6908
28.8425
28.7855
28.9046
28.766
29.492
29.1723
28.7351
28.8207
28.6693
29.1204
28.7302
29.2642
28.5671
28.9139
28.6699
29.2006
28.5031
28.9738
28.9166
28.8947
28.7634
28.9446
29.0576
28.8504
28.2865
28.3844
28.9623
28.7942
28.683
29.3614
28.8612
29.1502
28.3539
28.9392
28.7136
28.6166
28.8532
29.1411
28.8197
28.844
29.1231
28.9127
28.8469
29.0297
28.626
29.2661
28.6279
29.0965
28.8798
28.7046
28.9003
28.6323
29.0304
28.7805
28.6242
28.8594
28.8977
28.918
29.1933
29.0479
28.9987
29.0884
29.0918
29.3154
29.0001
28.6409
28.8492
28.7697
29.0153
29.026
28.6099
28.7015
29.025
28.8601
29.0265
29.0925
29.2201
29.0776
29.1059
29.0553
29.3018
28.8736
29.0616
28.8208
28.9358
29.1303
29.1204
29.1075
28.9025
29.268
29.0439
28.5827
28.9643
29.2174
29.2019
28.6382
28.6762
29.0638
28.9389
29.0135
28.7706
29.0346
28.9081
28.8388
29.0113
28.6468
28.4163
29.1487
28.9281
28.8289
28.5954
29.1295
28.7899
28.6894
28.8751
28.7239
28.793
28.2091
29.4067
28.7769
28.7053
29.0164
28.647
28.9873
28.8429
28.9999
29.1044
29.1569
29.0861
28.5258
29.088
29.371
29.1014
29.3003
28.9306
28.7974
28.6182
28.8774
29.0706
28.7859
28.954
28.8282
28.7018
28.9475
29.269
29.0877
28.9722
28.7519
28.9845
28.8262
29.2561
29.121
28.8732
28.4408
28.854
28.7821
28.9506
28.6047
28.5998
29.4896
28.9491
28.6782
28.8007
29.061
28.8905
28.4687
29.1336
28.4736
28.5911
28.9534
28.6309
28.6009
28.9875
28.7083
28.9432
28.7095
28.9709
28.7664
28.6874
28.9751
29.0978
28.9221
28.7175
29.1197
28.7601
29.0418
28.6701
28.614
28.525
28.7775
28.7499
28.7785
28.6642
28.5119
28.8943
29.0879
28.8238
28.7135
28.5592
28.6962
28.7605
29.1418
28.7584
28.408
28.3625
28.7515
28.7601
28.8822
28.8296
28.9078
28.5857
28.724
28.6191
28.5237
28.9506
29.2822
29.3608
28.8015
28.6176
28.6795
28.5442
28.9229
28.3873
28.6818
28.9593
28.7678
28.4644
28.2523
29.0525
28.8983
28.4514
28.5544
28.6767
28.771
28.6126
28.7061
28.4431
28.8123
28.6326
28.6101
28.5568
28.5783
28.4329
28.7633
28.7775
28.5828
28.7698
28.5503
29.4485
28.8533
28.8014
29.0532
29.156
28.9421
28.6741
29.177
29.0132
28.9031
28.6944
29.006
28.9295
28.5437
29.208
28.8733
29.1301
29.186
28.9267
29.2849
28.8548
28.8565
29.0764
29.1262
28.6587
28.5496
29.2198
29.0179
28.3552
28.6952
28.9093
28.7958
29.0348
28.6906
29.7049
29.3602
29.1259
29.3474
28.8589
29.4084
29.0059
29.6678
29.1566
28.5182
29.3591
29.1355
28.765
28.73
29.2868
29.0634
29.0493
29.0941
28.9334
28.8927
28.7272
29.0353
29.1244
28.8437
29.2478
29.2719
29.1048
29.0623
28.6489
28.9829
29.1693
29.0639
28.9764
28.8391
28.3354
28.65
28.7128
28.9079
28.2282
28.7239
28.7336
28.6598
28.747
29.1904
29.1115
28.5216
28.4589
28.4041
29.0209
29.1957
29.2242
28.6911
28.7734
28.9196
28.9024
28.7773
28.5996
28.873
29.1681
29.1777
29.0954
29.0924
28.793
28.9953
29.0275
28.899
28.9947
28.8501
28.5542
29.0073
28.6605
28.7342
28.8929
28.7206
29.3683
28.759
29.0635
28.6503
29.0881
28.6234
28.6654
28.8419
28.9594
28.5405
29.2334
28.5656
28.862
28.9336
28.5708
28.6412
29.2552
28.8659
28.8785
28.9032
28.6524
28.6595
28.6142
28.3774
28.3745
28.7511
29.1803
28.8993
29.2266
28.8211
28.8195
28.4767
28.4902
28.9247
29.0171
28.5952
29.2128
29.2456
28.7488
29.3287
29.0882
29.1527
28.9661
28.7654
29.1654
29.1275
29.2655
29.1509
28.8631
29.1833
28.9307
29.103
29.1695
28.9629
28.459
28.8805
28.8109
28.6372
28.4033
29.1557
29.2413
29.1453
29.1376
29.1694
29.1027
28.7782
29.2223
29.0951
29.3066
28.5472
29.535
29.0776
28.8228
29.2345
28.856
28.7011
29.2308
29.0679
29.0179
29.2632
28.911
28.7236
29.0615
29.1713
28.8748
28.6845
29.3692
29.131
29.0383
28.7191
28.9799
29.2693
28.8638
28.7973
28.5887
28.7208
28.8529
28.8977
28.5238
28.881
28.7012
29.0637
28.8409
29.3146
28.9731
28.7244
29.2312
28.5114
28.4873
28.4761
29.2233
29.2987
28.9347
28.8757
28.5953
28.8641
29.0199
28.7769
28.933
28.4468
28.7006
29.1253
28.5885
28.8402
29.0292
28.704
29.079
28.9275
29.1483
28.7227
28.7045
28.8705
28.8958
29.0201
29.3288
28.8764
28.7453
29.1251
29.0765
28.6966
28.9962
28.9448
28.8977
29.0733
28.9011
28.9933
28.9706
28.8218
28.9896
28.8287
28.7018
28.7124
28.886
28.945
28.4277
28.8801
29.0894
29.1822
28.6657
28.7841
28.7714
28.7937
28.9322
28.8041
28.5022
29.027
28.6232
28.9483
29.1615
28.6957
28.8828
28.6824
28.604
29.2746
28.8917
28.8171
28.9145
28.8644
28.6926
28.9845
28.9832
28.79
28.9908
28.4092
29.2249
28.6334
29.1107
28.7943
29.5107
29.1325
28.8727
28.63
28.6197
29.0357
28.9946
28.8806
28.9823
28.881
28.7879
29.0223
28.946
28.8018
28.647
28.9576
28.4929
29.0341
29.0562
28.8071
29.0059
28.8783
28.9807
29.2599
28.9844
28.8398
28.4649
28.6373
29.1569
28.9522
28.7966
28.9519
28.6089
28.8456
28.7305
29.1775
28.8434
28.8333
28.9766
28.7821
29.1635
28.9138
28.5807
29.0792
28.7802
29.1159
28.7411
28.4569
28.8875
29.2527
28.7782
29.3552
28.5361
28.8953
28.4999
28.9315
29.0666
29.1317
28.9444
28.9787
28.9134
28.7413
29.0884
28.9832
28.8617
28.9771
28.8968
28.8544
28.7089
28.8334
29.0303
28.6647
28.7416
29.2583
29.2315
28.9963
28.6333
29.0168
28.9127
28.8822
29.1019
29.1601
29.1409
29.0418
29.0256
29.0715
28.5989
29.0278
28.8062
29.0582
28.9748
28.7637
28.7891
28.8812
29.0121
29.0583
28.8938
28.8038
29.1878
28.1611
28.9797
28.6228
28.9796
28.6793
28.8596
29.0376
28.7579
29.043
28.8793
28.7579
28.4992
28.9739
28.9745
28.6915
28.638
28.9957
28.6711
28.7805
29.0939
28.9979
28.6393
28.8238
29.1286
28.6644
28.7434
28.7245
29.1711
28.7832
28.7774
28.9529
28.7542
28.7235
28.766
28.9429
28.594
28.9621
28.9431
28.7004
28.7939
29.1125
28.7161
28.2516
28.8048
29.3225
28.7749
28.8178
28.799
28.7601
28.524
29.0463
29.0119
28.7116
29.4114
28.7914
28.9994
28.8222
28.8946
28.8358
28.7587
28.7334
28.853
28.7375
28.6863
28.9293
28.6726
28.6235
28.9471
28.7039
28.7338
28.8533
28.5668
28.8357
28.8902
28.7074
29.0718
28.4695
28.5557
28.5333
28.8452
28.5689
28.8506
28.9976
28.7554
28.7222
28.6824
28.7272
29.1703
28.8625
28.9345
28.7235
28.3858
28.5719
28.7944
28.9769
28.9007
28.7896
28.4592
28.7512
28.7943
28.4424
28.7621
28.9089
28.5863
28.8357
28.408
28.505
28.6482
28.6518
28.5047
28.7359
28.8254
28.9198
28.4803
28.4367
28.7551
28.6721
28.6069
28.8501
28.5957
28.8771
28.5821
28.8897
28.511
28.5897
29.0054
28.2334
28.4483
28.7511
28.7187
28.8133
28.7216
28.7462
28.6412
28.5318
29.1981
28.3897
28.8334
28.4591
28.5301
28.8397
28.9659
28.7388
28.7561
28.772
29.079
28.6384
28.6914
28.5561
28.0263
28.7294
28.7047
28.902
29.0284
28.8163
28.9813
28.6047
28.769
28.7026
28.579
28.7256
28.8798
28.7112
28.6555
28.8044
28.7476
28.6807
28.4266
28.2086
28.7838
28.7564
28.9067
28.734
28.8506
28.1201
28.7968
28.7987
28.644
28.8525
28.0469
28.5058
28.6973
28.4009
28.9279
28.8907
28.8656
28.7402
29.3099
29.0263
29.1539
28.6613
28.7432
29.0112
28.9851
28.6694
28.5226
28.5256
28.4369
28.8577
28.8033
29.0164
28.8986
28.9831
28.7609
28.6712
28.666
28.835
28.8209
28.5921
28.6056
28.2148
28.8758
28.9188
29.1601
28.5736
28.5879
28.7591
29.006
28.541
29.0359
28.6237
29.076
28.4821
29.0219
29.1347
28.9882
28.4228
28.8476
28.9731
29.1694
28.9879
28.7218
28.797
28.8272
28.4439
28.4971
28.7185
28.4911
28.7267
28.8534
28.603
29.2299
28.8397
28.8264
29.0305
29.1912
28.8995
28.6682
28.5135
29.0912
28.9176
28.7659
29.0007
28.7731
29.0994
28.78
28.7335
28.7986
28.9349
28.9755
28.9431
28.9651
28.7224
29.2846
28.8677
29.1742
29.1812
28.5924
28.8968
28.9489
28.9902
29.1955
28.6236
28.7095
28.7826
28.828
29.0562
28.8541
28.8094
28.8067
28.3393
28.6613
28.8038
28.8082
28.8607
29.069
28.55
28.9559
28.8921
28.7169
28.861
28.8238
28.2231
29.0961
28.645
28.9308
28.8606
28.6957
29.294
28.9072
28.713
28.6685
28.6806
28.6006
29.214
28.5223
29.0662
28.769
28.952
28.8414
28.351
28.7136
28.8287
28.6736
28.8653
28.8887
28.5462
29.0389
28.8729
28.9422
28.79
29.2964
28.6832
29.112
28.9356
28.688
28.9987
29.1233
28.9017
28.5457
28.8336
28.4484
28.8698
28.6142
28.7515
28.8691
28.8171
28.6753
29.1611
29.079
29.0544
28.682
28.8973
28.6463
28.8352
28.9215
29.0989
28.6358
28.9365
28.7469
28.8438
28.5921
28.7307
28.5456
28.8533
28.9379
28.4507
28.5978
29.0522
28.6222
28.816
28.742
28.7974
29.1238
28.4978
29.0121
28.7135
28.7004
28.423
28.8967
28.3838
28.7639
28.3774
28.2653
28.8377
28.691
28.8324
29.0501
28.8279
29.1124
28.7403
28.659
29.1324
28.7895
28.7351
28.8374
28.7193
28.7116
28.8211
28.847
28.551
28.7478
28.6211
28.6021
28.8735
28.5903
28.7115
28.6416
28.9392
28.3977
28.5498
29.1709
28.7217
28.5891
28.5803
28.5079
28.4963
28.7054
29.1728
28.5529
29.2721
28.9346
29.0966
28.8325
29.3008
28.7583
28.8571
29.0046
29.2689
29.3105
29.2385
29.2448
29.2426
28.3759
28.9127
28.82
29.315
28.9785
29.0592
28.9531
28.9917
29.0707
28.9375
29.0082
28.7349
28.7151
29.1516
29.0023
29.0547
28.8246
28.7782
28.7385
28.7124
28.8925
28.8734
29.0518
29.3506
28.7733
29.1592
28.5502
29.2447
29.2005
28.7896
28.6999
29.3268
28.8831
28.7469
28.5002
28.9864
29.0148
28.5685
28.9403
28.8
29.1131
28.4883
29.1621
28.6802
28.7655
29.0941
28.5597
28.9401
28.9568
28.9661
29.3022
29.0169
29.3035
28.8162
28.9991
29.1337
28.8529
29.0073
28.9575
29.1655
28.6879
29.2866
29.1462
29.1291
28.7918
28.9924
29.0191
29.3896
28.9184
29.0549
29.1821
28.7616
28.6366
28.7958
29.4664
28.4339
28.8964
29.0617
28.7239
28.5972
29.1848
29.172
29.413
28.6626
29.152
28.813
29.0811
29.1224
29.2029
29.0485
29.3926
28.7545
28.8778
28.8586
29.1346
29.3325
28.9563
28.614
28.588
28.9069
28.669
28.5828
28.8347
28.7848
28.7147
28.9165
28.5041
28.7177
28.7746
28.7466
28.7251
28.673
28.2912
28.7367
28.8153
28.5993
29.1724
28.6641
29.1865
28.6493
28.3717
28.8694
28.6521
28.8929
28.8823
28.6079
28.7004
29.0667
28.5002
28.647
29.0186
28.7249
28.3554
28.7275
28.9961
29.0931
28.6422
28.6622
28.7587
28.4712
29.074
28.9981
28.5896
28.9245
28.7433
28.7467
28.8982
28.5268
28.7012
28.8598
28.8957
29.2252
28.6077
28.8513
29.0454
29.0132
28.8528
28.9683
28.7073
29.0261
28.9178
28.8122
29.1605
28.8365
28.7591
29.2832
29.0098
28.9461
28.9723
28.7135
29.0162
28.8661
29.04
28.6915
29.0095
28.8817
28.5236
28.8809
28.5598
28.8269
29.0188
28.8608
28.9588
28.4894
28.4769
29.0382
29.0632
28.7262
28.5681
28.7901
29.0988
29.0032
29.1562
29.2175
29.1239
28.7093
28.4564
28.6963
28.9032
29.0728
28.8761
28.8861
28.686
28.9514
28.7766
28.9848
29.2208
28.9743
28.7136
28.8328
28.9786
28.7312
28.5097
28.7239
28.9602
29.0275
28.775
28.7212
29.2674
28.8325
28.726
28.909
28.7229
28.8951
29.0862
28.8898
28.6318
28.939
29.1694
28.4086
28.7754
28.6242
28.4392
28.9858
28.9029
28.858
28.7325
28.9757
28.5711
28.9209
28.8883
28.2809
28.8186
29.1789
28.3821
29.0179
28.7128
28.5477
28.7341
28.8424
28.6815
28.6677
29.1229
28.9387
28.8042
29.011
28.8206
28.5279
29.3527
28.424
28.8128
28.7673
28.8465
28.9303
28.6836
28.7329
29.0063
28.9888
28.9375
29.29
29.0773
29.0742
28.6912
28.8653
28.7598
29.0082
29.278
28.7247
28.9429
28.8819
28.7811
28.7961
28.8829
29.0665
29.0626
29.072
29.2854
29.0863
28.7675
28.6726
29.0271
29.01
29.3678
29.1348
28.6705
28.8004
28.9206
28.6992
29.0223
28.947
29.0029
28.7148
28.8523
29.1441
28.7282
28.8008
28.9014
29.0385
29.3508
28.3543
28.6188
28.8779
29.012
28.7282
29.021
28.9679
28.9653
29.0982
29.0722
28.9141
28.8885
29.0144
28.8996
28.8427
28.7674
29.1814
29.0483
29.0841
28.9847
29.0294
28.7964
29.1458
29.2086
28.8737
28.5343
28.9353
28.5182
28.7394
28.7705
29.2634
28.5687
29.4815
29.1697
29.0981
28.7985
28.8539
28.7967
29.1616
28.7665
28.8457
28.8031
28.5671
28.6787
29.1748
28.7669
28.9155
29.0595
28.2253
28.8319
28.4844
28.7452
28.5691
28.7481
28.6264
28.7073
28.65
29.123
28.8051
28.8754
28.7769
28.8498
29.269
28.978
29.0334
28.5041
28.8251
28.928
29.0201
28.6475
28.7598
28.7875
28.4052
28.4298
29.1857
28.6874
28.6029
28.4321
28.786
28.6184
28.505
29.1152
28.7723
28.3699
28.8597
28.6505
29.0166
28.2637
28.4205
28.3456
29.1503
29.0286
28.8179
28.7893
28.8956
28.9612
28.8725
29.144
29.2109
28.8033
29.0385
29.0065
28.6818
28.7112
28.9952
29.0094
29.3497
28.4793
29.0142
28.9931
28.692
29.2667
28.8368
28.8273
29.0751
28.9444
29.1554
29.1894
29.256
28.6767
28.5758
29.149
29.4345
28.5021
28.8626
29.1817
29.3436
28.5707
29.3209
28.7194
28.6667
29.1092
28.132
29.0554
28.5289
29.1158
28.7797
28.9114
29.0944
28.6684
28.9921
28.8081
29.1904
28.8503
29.1384
28.7894
28.7341
29.2063
28.8428
28.8965
29.2158
29.2849
28.8492
29.225
29.1453
28.4655
28.7713
29.3827
28.5643
28.9975
28.7112
29.1867
28.8183
28.5031
29.5222
28.9976
28.5522
29.0009
29.0695
28.9876
29.2992
28.7104
29.071
28.7853
29.1901
28.9859
29.0186
29.1304
28.7165
29.1128
28.6963
28.8415
29.037
29.2202
28.9419
28.864
28.7147
28.606
29.058
29.236
28.8443
28.8724
28.9774
29.2255
29.1594
29.3621
28.7881
29.1691
28.8479
28.6285
29.1123
28.765
28.6632
28.8439
29.0839
29.1375
29.1858
28.7797
28.6976
29.0829
28.7653
28.961
28.8043
29.3587
28.7732
28.5478
29.083
28.8358
28.9117
29.0174
28.7463
28.9087
28.858
29.2496
28.8769
28.8802
28.8939
28.8683
29.0244
29.1396
28.9637
28.819
29.2538
28.8335
29.1583
28.8437
29.2537
29.5262
29.2958
29.3089
29.0463
28.9407
28.9607
29.1028
28.876
29.14
29.157
28.3223
29.1919
28.9657
28.7215
29.1284
28.7284
28.9501
29.0941
28.8844
29.0302
29.2471
29.0568
29.0603
28.9878
29.0765
29.333
28.7994
29.06
29.2261
28.8293
28.885
28.8683
28.8706
29.157
28.7483
28.8648
28.5645
28.3853
28.7701
28.9452
28.8409
28.859
28.4363
28.6757
28.8837
28.8968
28.8184
29.0435
28.5394
29.0173
28.6896
28.7211
29.1576
29.113
28.8552
28.6222
28.8087
28.9195
28.6289
29.1211
29.2019
28.5012
28.8022
28.6786
28.7281
28.7682
28.936
29.1332
28.9614
29.0354
28.8622
29.187
28.608
28.4694
29.1504
28.889
28.7496
28.8237
28.7965
28.8499
28.578
28.5969
28.9409
29.079
28.8688
28.8942
28.8725
28.9204
28.943
28.6956
28.7588
28.999
28.6994
28.67
28.8228
28.9691
28.8712
28.8522
28.6643
28.8879
28.4519
28.8839
28.9532
28.3915
29.0503
28.7586
28.823
28.686
28.5795
28.8413
29.1083
28.8048
28.801
28.7968
28.7313
28.3704
28.6139
28.425
28.684
28.9792
29.2138
28.8393
28.6418
28.8157
28.6723
28.5889
28.8978
28.8503
28.7402
28.8654
28.641
28.8605
28.8165
28.8435
28.4252
29.4221
28.3894
28.7798
28.995
28.3967
28.6521
28.8803
29.0324
28.6436
28.5353
28.8673
28.8809
28.7927
28.2933
28.5352
28.5049
28.6596
28.7337
29.1545
28.314
28.6667
28.4736
29.1471
28.5499
28.7159
28.4431
29.0287
28.9807
28.429
28.6938
28.7596
29.0737
28.8953
29.1555
29.3611
29.2598
28.9704
28.9145
28.8906
29.1245
29.0298
29.069
29.0292
29.0115
28.8421
28.8745
28.7587
28.6151
28.6417
28.932
29.2997
28.9993
28.7212
28.6738
28.8469
29.1139
29.3387
29.0875
28.8446
29.3223
28.797
29.1265
28.802
28.6135
28.9843
28.7595
29.158
28.8942
28.6352
28.8621
28.668
28.989
29.2346
28.728
28.7415
29.014
28.7857
28.8766
28.5745
29.0756
28.669
28.9609
28.6776
28.6653
29.0861
28.4992
28.9395
29.1037
28.9631
28.7514
28.7368
29.0242
28.4238
29.1601
28.7882
29.024
29.1536
29.3613
28.9868
28.8184
28.5534
28.8965
29.2087
28.572
28.7426
28.9423
28.7417
28.9648
29.2917
29.3326
29.2532
29.1531
28.8684
28.7383
28.8095
29.4368
29.1667
29.2871
28.8831
28.878
29.2793
28.8562
28.4837
28.63
29.3209
29.0145
29.0479
29.2942
29.2659
28.9651
28.9672
29.07
28.9346
29.2485
29.1562
29.1092
29.2625
28.79
29.0512
28.7282
28.5522
29.2201
28.9685
28.6444
28.7639
28.8041
29.1729
28.9608
29.2376
28.688
28.7899
28.7194
28.9146
28.6798
28.6721
29.0056
28.8169
28.9571
29.0081
28.6168
29.0573
29.0557
28.7734
28.9584
28.7374
29.0926
28.7161
28.6458
29.1191
28.804
28.9105
28.7613
29.0974
28.3066
28.8462
28.8291
28.9983
28.1688
28.7651
28.8007
28.7743
28.7815
28.7369
29.0033
29.112
28.8333
28.8695
28.7111
28.9007
29.1298
28.5667
28.4758
28.8483
29.1694
29.2057
29.0405
28.6905
28.6306
29.0285
28.8795
28.8354
28.9609
28.8882
28.913
28.8893
28.6545
28.6724
28.7099
28.9826
28.6515
28.6004
28.2073
29.0364
28.6879
29.1505
28.8
28.9926
29.2225
29.1711
28.7996
29.0395
29.042
28.5322
28.9496
28.9468
28.7235
29.0422
28.5726
28.9563
29.0662
28.2148
28.5908
28.7188
28.7258
28.2842
28.8429
29.143
28.7148
28.6995
29.086
28.8605
28.7889
29.0942
28.9881
28.8599
28.9909
29.1383
29.0976
28.5273
28.989
28.8442
28.5717
28.8972
28.9167
29.2324
28.8086
28.9448
29.1917
28.9308
29.1142
28.9035
29.0129
28.6027
28.8969
29.0304
28.7235
28.6554
28.7346
28.9684
28.7395
28.7431
28.4525
29.0696
28.7057
28.7271
28.7238
28.9893
29.0313
28.7694
28.6604
28.7742
29.1022
28.3624
28.7657
28.5679
29.1708
29.1287
29.1253
29.0659
28.8239
28.6104
28.9946
29.1007
29.1145
29.0188
28.9071
28.7158
28.947
28.9025
28.8454
28.9102
28.5106
28.9622
29.2856
28.9587
28.5709
29.0819
28.4484
29.0096
29.0311
29.0322
28.868
28.7491
28.4742
28.931
28.6097
29.2892
28.7897
28.7606
29.3745
29.1464
28.997
29.1188
29.5588
29.3284
28.8261
29.0106
28.9499
29.3313
29.217
28.8112
29.239
29.0525
28.6799
29.0626
29.1614
29.0433
28.7583
29.169
29.1977
29.1807
29.5064
28.9073
29.1491
29.1841
28.6476
29.363
28.9906
29.0747
29.0956
28.9511
28.7829
28.861
29.1898
29.2547
28.9501
28.7816
28.9086
28.8585
29.1435
28.8637
29.0122
29.1643
28.9508
28.792
28.7942
29.4213
28.8193
28.6249
29.1529
28.7023
29.0921
29.0872
28.8214
29.1538
29.233
28.8372
29.0009
28.9524
28.9964
28.9586
29.0391
28.7834
29.0704
28.8658
28.7686
29.1788
28.7666
28.665
28.9234
28.7249
28.8516
29.3728
28.8339
28.5178
28.6857
29.3616
29.0127
28.618
28.9976
28.9305
29.1483
28.9244
29.2642
28.8367
28.6801
29.2455
28.7349
29.1262
28.9195
28.3947
29.1115
28.7968
29.0104
28.7007
28.8259
28.9143
29.1169
28.8637
29.0098
28.7613
28.9192
28.91
28.1447
28.7391
28.807
28.8878
28.654
28.8718
29.3251
29.0353
29.1781
28.7809
28.8501
28.9256
28.977
28.9576
28.9764
28.7665
28.8637
29.1506
28.9092
29.0062
28.6334
28.726
28.8578
28.9914
28.8856
28.6817
28.9312
28.7724
28.7728
28.9753
28.8916
28.6133
28.6395
28.9544
28.9392
28.8293
28.9732
29.0176
28.7322
28.792
28.8943
28.7239
28.4164
28.5105
28.6499
28.8699
29.0186
28.4987
28.7885
29.0674
28.8662
28.7465
28.9232
29.2801
29.0335
28.6874
29.0096
28.9057
29.058
28.9185
28.8001
28.9581
29.0308
28.8521
29.2723
29.0103
28.9619
28.8712
28.7986
28.7425
28.7854
29.0581
28.8489
29.0733
29.0423
28.7675
28.6666
29.1957
28.7106
29.0079
28.9795
28.263
28.7147
29.3676
28.6972
28.8586
28.8358
28.6741
28.6087
29.2809
28.782
28.8576
28.8129
28.9268
29.0464
28.9262
28.4701
29.1379
28.7931
28.9878
29.2667
28.6983
28.9991
29.2343
29.1958
29.0945
28.7787
28.6406
29.3031
29.1329
28.6334
28.8874
28.7046
28.8658
29.3976
28.9436
29.0504
29.0214
28.8636
29.0341
28.7761
29.0287
29.1918
28.4862
28.8231
28.7517
28.436
28.9037
28.6716
28.3019
28.7138
28.712
28.2006
28.7423
28.3976
29.0401
28.8584
28.7381
28.775
28.6204
29.032
28.7005
28.5233
28.7483
28.8036
28.5279
28.8
28.8049
28.8349
28.4235
28.5504
29.3333
28.6606
28.6471
28.85
29.0699
28.6534
28.8391
28.7035
28.5481
28.4596
29.3508
28.6351
28.8967
28.4911
28.7536
28.8981
28.7896
28.5234
28.7585
28.7015
28.7542
28.5105
28.8833
28.7162
28.5781
29.0705
29.093
29.3158
28.8824
28.5636
28.732
28.6416
28.895
28.9748
28.4568
28.91
28.5308
29.0949
28.361
28.4671
28.5807
28.8688
28.9461
29.0287
28.9866
28.3865
28.6392
28.7644
28.7316
28.3321
28.6887
29.217
28.899
28.4199
29.2505
29.0419
28.7867
28.7063
29.1878
28.536
28.5856
28.9628
28.7892
28.9622
28.8527
28.6704
28.5176
29.2387
29.0616
28.5382
28.938
28.5448
28.6344
29.0241
28.8315
29.0658
28.7598
28.943
29.0796
28.6835
28.7551
28.6002
29.1673
29.0275
28.7865
29.0054
29.2031
28.4243
28.9038
28.3143
28.7492
28.497
28.8234
28.874
29.0619
29.1293
28.7018
28.9769
28.6022
28.964
28.8889
29.2286
28.6984
29.0567
28.8586
28.7731
28.6703
28.8907
28.9004
29.2991
29.1197
29.1449
29.0633
29.076
29.2692
29.1233
29.078
28.7799
28.9201
28.5142
28.8132
28.8422
28.7511
28.8405
28.6816
28.5886
28.5651
29.0841
29.0492
28.6254
28.788
28.1763
28.7895
28.6085
28.8138
29.0655
28.8184
28.6174
28.5445
28.38
28.7721
28.6184
28.6332
29.1063
28.8447
28.7313
28.6136
28.4601
28.7609
28.4099
29.0396
28.604
28.9429
29.2664
28.5091
28.7866
29.0108
28.9456
28.6668
28.6168
28.9954
29.0672
28.5178
29.0793
28.4264
28.6104
28.7297
28.9465
28.866
28.8029
29.0958
28.6673
29.2674
29.0869
28.9787
28.7571
28.6484
29.026
29.069
28.8787
28.4966
28.5376
29.1368
28.9607
29.3285
29.0504
29.1956
28.99
28.5993
28.7955
28.935
28.86
28.7942
28.9273
28.9488
28.639
28.4574
28.6428
28.9118
28.6148
28.2431
28.463
28.7855
28.5113
28.5777
28.66
28.6785
29.109
29.1113
28.9093
28.6685
28.8194
28.6305
28.8065
28.4263
28.778
28.9618
28.5285
28.968
28.4558
28.6447
28.4511
28.1236
28.7539
28.6074
28.7418
28.6754
28.9791
29.0167
29.0026
29.1744
28.8184
29.2172
28.588
28.7985
28.7678
29.1443
28.9807
29.0558
28.6655
29.215
28.5969
29.1048
29.1456
28.8129
29.3642
29.1923
29.0684
28.6314
28.7381
29.0527
29.2197
28.7664
29.4396
28.8552
28.3291
29.2409
28.7883
28.5616
28.5769
28.7847
28.6563
28.9311
28.3843
28.82
28.5058
28.757
28.9705
28.4898
28.9175
28.7347
29.0059
